month, avg
